# WS2021_TNN_Assignment_PA-D_data_File_PA-D-train2.txt
# P=1000  N=2  M=0
0.233178   0.831292  
0.252360   0.298197  
0.076775   0.815274  
0.100916   0.253311  
0.624407   0.126462  
0.171142   0.830779  
0.333529   0.392828  
0.176928   0.111869  
0.138915   0.686187  
0.287904   0.853353  
0.266314   0.783484  
0.134039   0.846053  
0.090864   0.853967  
0.138448   0.380847  
0.191161   0.892277  
0.176332   0.207704  
0.115748   0.158915  
0.811796   0.642215  
0.329342   0.737553  
0.823483   0.721261  
0.814954   0.773965  
0.630215   0.180893  
0.181457   0.307928  
0.200814   0.215800  
0.255246   0.138354  
0.190257   0.276666  
0.306141   0.106581  
0.239058   0.651344  
0.154636   0.114352  
0.065873   0.256026  
0.098524   0.136846  
0.698138   0.180448  
0.302287   0.141218  
0.824100   0.442203  
0.084702   0.795402  
0.240409   0.763515  
0.115920   0.896274  
0.218364   0.920511  
0.053819   0.105162  
0.239358   0.716462  
0.101573   0.777378  
0.803579   0.740518  
0.124291   0.134329  
0.221272   0.352915  
0.329879   0.143644  
0.375358   0.744665  
0.360733   0.707908  
0.206055   0.374485  
0.397100   0.727059  
0.123042   0.733361  
0.216490   0.170799  
0.312893   0.901156  
0.367711   0.712868  
0.258288   0.965184  
0.837492   0.687851  
0.239584   0.944774  
0.330580   0.260945  
0.171349   0.873876  
0.216758   0.772772  
0.102704   0.207741  
0.230993   0.166173  
0.265020   0.804494  
0.108500   0.258255  
0.845010   0.704126  
0.335741   0.314019  
0.292917   0.657304  
0.290063   0.832116  
0.267869   0.261940  
0.109539   0.233001  
0.258866   0.803192  
0.833358   0.665999  
0.674812   0.131121  
0.213810   0.693284  
0.306999   0.804998  
0.845470   0.646554  
0.135853   0.841756  
0.291724   0.197939  
0.198498   0.861911  
0.695628   0.169366  
0.310355   0.190960  
0.248398   0.848987  
0.300612   0.340710  
0.366578   0.876902  
0.194412   0.373621  
0.213394   0.699112  
0.284144   0.292981  
0.380172   0.711056  
0.825957   0.585883  
0.237892   0.203092  
0.235276   0.357432  
0.151216   0.173880  
0.679416   0.192994  
0.146312   0.698158  
0.828978   0.747776  
0.089603   0.868316  
0.816021   0.584443  
0.157721   0.165792  
0.071733   0.237515  
0.177029   0.764288  
0.288849   0.352192  
0.250467   0.265178  
0.805478   0.722877  
0.301015   0.893831  
0.097170   0.363671  
0.819621   0.791155  
0.843438   0.520703  
0.831045   0.397558  
0.667218   0.186609  
0.085836   0.325443  
0.091500   0.243319  
0.800649   0.560397  
0.077982   0.203492  
0.316103   0.349143  
0.314558   0.398833  
0.195499   0.696660  
0.062006   0.350515  
0.136681   0.888720  
0.353783   0.798884  
0.211884   0.131736  
0.345400   0.270338  
0.304827   0.253162  
0.149610   0.764120  
0.190676   0.670467  
0.376392   0.845452  
0.108709   0.758816  
0.093412   0.282963  
0.297290   0.237954  
0.406228   0.866229  
0.282047   0.634451  
0.322161   0.666958  
0.834634   0.683346  
0.226753   0.624113  
0.815614   0.660686  
0.641506   0.163681  
0.157157   0.757526  
0.139414   0.820092  
0.107183   0.858541  
0.844964   0.763875  
0.304818   0.360790  
0.182456   0.671749  
0.388634   0.800260  
0.648797   0.148191  
0.415148   0.815312  
0.328198   0.867443  
0.071019   0.115513  
0.188889   0.178197  
0.110855   0.860067  
0.390581   0.866816  
0.809570   0.513588  
0.112716   0.327402  
0.213301   0.725136  
0.346313   0.862519  
0.265462   0.166936  
0.805679   0.559730  
0.291284   0.124943  
0.248642   0.285735  
0.365050   0.826002  
0.167178   0.795772  
0.825447   0.573578  
0.284662   0.915067  
0.162922   0.848858  
0.841202   0.408338  
0.163215   0.918796  
0.334639   0.313337  
0.801359   0.850575  
0.133096   0.786856  
0.242937   0.147004  
0.677027   0.161255  
0.261815   0.247689  
0.154475   0.913185  
0.297527   0.226048  
0.822072   0.336080  
0.284197   0.892918  
0.193273   0.168965  
0.114120   0.208363  
0.292458   0.687791  
0.185172   0.171118  
0.108312   0.770143  
0.239296   0.273883  
0.232269   0.111372  
0.847622   0.324039  
0.168148   0.909480  
0.815135   0.876542  
0.826305   0.381593  
0.085483   0.237931  
0.271743   0.833826  
0.296835   0.851203  
0.111574   0.780798  
0.234278   0.713790  
0.805205   0.454633  
0.249074   0.175432  
0.120252   0.340092  
0.105459   0.718574  
0.263978   0.683786  
0.844533   0.396053  
0.616789   0.199555  
0.411496   0.782728  
0.613878   0.125346  
0.328234   0.136929  
0.804343   0.466995  
0.283298   0.664502  
0.349420   0.872217  
0.064659   0.294662  
0.277756   0.901764  
0.102803   0.293812  
0.800586   0.558916  
0.809495   0.664800  
0.803306   0.393248  
0.081620   0.777251  
0.322448   0.689926  
0.278045   0.370331  
0.615737   0.120670  
0.839719   0.466326  
0.840860   0.314596  
0.816743   0.699598  
0.300543   0.889655  
0.809125   0.694201  
0.823860   0.702975  
0.297452   0.192091  
0.376048   0.696702  
0.155484   0.227029  
0.122795   0.107208  
0.318375   0.285648  
0.256998   0.868607  
0.279918   0.688305  
0.141164   0.711848  
0.266862   0.896931  
0.182736   0.125463  
0.187369   0.373411  
0.216370   0.685536  
0.832654   0.529120  
0.210294   0.358419  
0.206907   0.896932  
0.156030   0.276432  
0.203887   0.965937  
0.060847   0.181920  
0.693856   0.161323  
0.100507   0.270268  
0.267796   0.114843  
0.830018   0.382423  
0.238230   0.889923  
0.212282   0.102582  
0.332564   0.800681  
0.151839   0.137450  
0.817563   0.470063  
0.137400   0.228877  
0.678318   0.154326  
0.324588   0.375333  
0.359277   0.837343  
0.338180   0.159609  
0.104792   0.281363  
0.152198   0.334524  
0.251585   0.373111  
0.159268   0.897154  
0.233293   0.670813  
0.195296   0.318377  
0.157172   0.909173  
0.184896   0.274168  
0.163689   0.151434  
0.280614   0.738303  
0.107418   0.366036  
0.634505   0.160117  
0.397929   0.791767  
0.157907   0.136318  
0.273632   0.200015  
0.402485   0.791525  
0.804927   0.421024  
0.308634   0.345878  
0.631454   0.130810  
0.832835   0.561694  
0.227245   0.154785  
0.077880   0.360420  
0.108232   0.240750  
0.258244   0.673712  
0.197331   0.103161  
0.293031   0.365909  
0.601977   0.122630  
0.213199   0.831057  
0.192905   0.102966  
0.149917   0.836563  
0.251057   0.109468  
0.196332   0.863313  
0.239919   0.670788  
0.282892   0.329145  
0.245066   0.864044  
0.375729   0.801278  
0.848838   0.341063  
0.200604   0.360517  
0.347856   0.892425  
0.283060   0.284898  
0.820140   0.392502  
0.070887   0.201550  
0.357461   0.880669  
0.139765   0.821437  
0.248257   0.184810  
0.117741   0.896462  
0.155858   0.729370  
0.140597   0.149510  
0.215879   0.128136  
0.148568   0.777934  
0.101842   0.153745  
0.241916   0.215222  
0.247623   0.330884  
0.157593   0.796295  
0.176020   0.311391  
0.351461   0.798230  
0.806757   0.643678  
0.319710   0.320925  
0.828069   0.476853  
0.321291   0.210424  
0.257586   0.830827  
0.197558   0.770277  
0.838026   0.319399  
0.184966   0.685933  
0.144666   0.126622  
0.139807   0.311967  
0.238386   0.738199  
0.111445   0.751989  
0.319713   0.754758  
0.338049   0.333026  
0.161047   0.824612  
0.313765   0.257702  
0.205382   0.389889  
0.326053   0.957710  
0.184933   0.685298  
0.828844   0.856136  
0.178498   0.225761  
0.343415   0.883682  
0.338139   0.183260  
0.281520   0.697087  
0.804909   0.305576  
0.344955   0.692468  
0.199157   0.171956  
0.341081   0.182211  
0.228759   0.634584  
0.357571   0.917202  
0.144256   0.731246  
0.291028   0.956364  
0.810354   0.877653  
0.077295   0.757730  
0.842834   0.770906  
0.312277   0.280860  
0.352583   0.767222  
0.218331   0.889659  
0.348183   0.758205  
0.178266   0.672110  
0.158189   0.807342  
0.232549   0.949621  
0.237982   0.808096  
0.665732   0.185183  
0.074740   0.113512  
0.202108   0.835199  
0.275187   0.888645  
0.197242   0.681422  
0.332423   0.287644  
0.248026   0.791950  
0.824431   0.682866  
0.344430   0.374501  
0.612808   0.120325  
0.296531   0.200223  
0.334042   0.683672  
0.060788   0.369892  
0.368619   0.864924  
0.192979   0.360620  
0.244312   0.667745  
0.363673   0.837547  
0.615870   0.162067  
0.116054   0.698812  
0.052028   0.138828  
0.118214   0.100854  
0.697490   0.114542  
0.339485   0.168192  
0.677037   0.184971  
0.397289   0.858996  
0.350860   0.678668  
0.205450   0.242561  
0.215550   0.349873  
0.078821   0.854968  
0.221396   0.865858  
0.309629   0.134511  
0.152597   0.329594  
0.192897   0.754280  
0.315894   0.837625  
0.806356   0.314424  
0.311101   0.181107  
0.172588   0.929350  
0.611193   0.190218  
0.281516   0.155072  
0.159559   0.661823  
0.292587   0.357833  
0.390903   0.804045  
0.297136   0.290897  
0.801905   0.491749  
0.233724   0.817096  
0.150937   0.263360  
0.340746   0.187780  
0.114734   0.127248  
0.316234   0.899132  
0.213677   0.975420  
0.269250   0.924793  
0.205100   0.206813  
0.827795   0.536180  
0.292360   0.634718  
0.146859   0.692429  
0.313007   0.234186  
0.811109   0.533732  
0.818513   0.873996  
0.666976   0.165718  
0.232877   0.726699  
0.838549   0.331954  
0.421525   0.840129  
0.137831   0.308730  
0.180489   0.188632  
0.210753   0.329119  
0.084705   0.291750  
0.118391   0.831447  
0.169491   0.201676  
0.839236   0.575540  
0.314715   0.869010  
0.669405   0.178607  
0.314250   0.706673  
0.230732   0.301562  
0.338860   0.220770  
0.104978   0.778490  
0.819766   0.577786  
0.346309   0.754439  
0.286010   0.949988  
0.077073   0.221907  
0.281141   0.808241  
0.206057   0.973898  
0.196486   0.328873  
0.356134   0.894242  
0.310234   0.291363  
0.325592   0.188770  
0.057117   0.159085  
0.392927   0.771749  
0.199048   0.904968  
0.174819   0.701464  
0.284479   0.728331  
0.380200   0.740643  
0.195156   0.134742  
0.147299   0.920124  
0.345225   0.368091  
0.334329   0.760543  
0.081237   0.337195  
0.800420   0.838618  
0.358835   0.905032  
0.223916   0.728577  
0.830875   0.892402  
0.212011   0.343947  
0.847559   0.683371  
0.681768   0.155171  
0.310081   0.392771  
0.330471   0.915759  
0.809420   0.508216  
0.169454   0.320518  
0.140639   0.349921  
0.311048   0.870464  
0.194363   0.651221  
0.181232   0.333847  
0.633774   0.108773  
0.234476   0.721175  
0.191453   0.397867  
0.206233   0.971313  
0.219215   0.967059  
0.196715   0.727300  
0.271420   0.132112  
0.319276   0.797208  
0.251584   0.101890  
0.839367   0.486995  
0.639009   0.171291  
0.224771   0.687050  
0.409873   0.803053  
0.356623   0.800135  
0.205880   0.337549  
0.828714   0.880484  
0.226299   0.812698  
0.335637   0.114078  
0.314323   0.874968  
0.068269   0.254272  
0.369448   0.832987  
0.353961   0.913728  
0.420583   0.766039  
0.259611   0.746834  
0.251435   0.778240  
0.288622   0.278038  
0.232832   0.858467  
0.289344   0.297851  
0.158665   0.178386  
0.149066   0.880083  
0.254742   0.850877  
0.846934   0.679197  
0.167273   0.111529  
0.158496   0.164248  
0.171030   0.299406  
0.843158   0.883451  
0.803876   0.807149  
0.646404   0.162274  
0.293999   0.362126  
0.064723   0.144999  
0.256899   0.814338  
0.829087   0.405800  
0.154535   0.305328  
0.221905   0.783816  
0.200684   0.296424  
0.308502   0.659489  
0.294255   0.276326  
0.355543   0.767255  
0.252588   0.630821  
0.159919   0.748364  
0.138141   0.690060  
0.132281   0.727996  
0.184044   0.397499  
0.324817   0.699203  
0.821864   0.603657  
0.177865   0.919271  
0.267536   0.843354  
0.681448   0.131638  
0.846934   0.410203  
0.810195   0.863616  
0.317314   0.950341  
0.300237   0.943801  
0.370675   0.690638  
0.837185   0.866090  
0.186635   0.833699  
0.215493   0.708840  
0.163993   0.679629  
0.288503   0.862744  
0.250973   0.643774  
0.237162   0.852151  
0.308820   0.223784  
0.253327   0.780559  
0.140003   0.794995  
0.371671   0.915419  
0.110450   0.783095  
0.159553   0.844229  
0.843114   0.409631  
0.846118   0.505392  
0.217497   0.197313  
0.818773   0.580589  
0.627526   0.190236  
0.378088   0.762132  
0.320681   0.693173  
0.833468   0.426498  
0.112271   0.754136  
0.147266   0.132452  
0.261936   0.193098  
0.136937   0.680902  
0.395477   0.800257  
0.279779   0.193179  
0.391877   0.725566  
0.327166   0.131267  
0.352705   0.803345  
0.251112   0.759342  
0.177969   0.952835  
0.306159   0.968810  
0.096924   0.800374  
0.184252   0.301694  
0.243818   0.237160  
0.159664   0.171055  
0.384783   0.731186  
0.367243   0.703522  
0.345694   0.933704  
0.810854   0.717376  
0.148641   0.383033  
0.214551   0.224750  
0.820481   0.410894  
0.290245   0.735283  
0.172525   0.208341  
0.091725   0.381816  
0.389288   0.857787  
0.060768   0.351386  
0.190754   0.183287  
0.292699   0.911985  
0.338021   0.864649  
0.849200   0.786594  
0.220236   0.353266  
0.255105   0.792246  
0.245079   0.831066  
0.203558   0.725215  
0.257363   0.658608  
0.259917   0.687849  
0.210843   0.183383  
0.390383   0.748576  
0.356079   0.935180  
0.245257   0.854208  
0.284447   0.878972  
0.184556   0.367479  
0.120064   0.336604  
0.820262   0.410778  
0.335929   0.905998  
0.107107   0.764268  
0.201392   0.320920  
0.265576   0.938218  
0.103331   0.337707  
0.292958   0.766029  
0.833246   0.614865  
0.311070   0.834125  
0.653980   0.128771  
0.349105   0.139810  
0.697299   0.118360  
0.192003   0.120877  
0.092474   0.765743  
0.309092   0.357112  
0.083629   0.123436  
0.125447   0.105271  
0.194642   0.827241  
0.084548   0.126727  
0.387361   0.809440  
0.272330   0.206278  
0.260930   0.283811  
0.214533   0.874889  
0.289453   0.916516  
0.200691   0.889159  
0.205916   0.634804  
0.119548   0.318334  
0.299708   0.715158  
0.146648   0.269520  
0.112543   0.721173  
0.371568   0.912219  
0.112157   0.770874  
0.828114   0.780668  
0.142870   0.134400  
0.291597   0.667532  
0.068038   0.364033  
0.326372   0.873855  
0.195114   0.829734  
0.061053   0.179523  
0.265617   0.121903  
0.084530   0.322453  
0.334971   0.893366  
0.348586   0.821000  
0.800952   0.555547  
0.833217   0.618522  
0.294132   0.917060  
0.189475   0.228164  
0.164385   0.268854  
0.166934   0.884111  
0.320630   0.303776  
0.814261   0.557934  
0.159439   0.787336  
0.227151   0.239214  
0.199965   0.139260  
0.373967   0.824511  
0.366748   0.888903  
0.422261   0.782555  
0.205855   0.640150  
0.139392   0.345601  
0.365941   0.699947  
0.189817   0.314324  
0.238018   0.294853  
0.350624   0.747997  
0.652511   0.111587  
0.211331   0.360511  
0.178444   0.319596  
0.184225   0.906542  
0.256014   0.237242  
0.600926   0.194820  
0.185133   0.103131  
0.198072   0.138911  
0.615670   0.168127  
0.346943   0.370292  
0.162791   0.885312  
0.826052   0.677744  
0.231634   0.148128  
0.333197   0.815821  
0.187662   0.659175  
0.345969   0.794305  
0.152259   0.188858  
0.635078   0.105592  
0.209560   0.396587  
0.076347   0.241539  
0.286052   0.939918  
0.680781   0.143114  
0.271818   0.696834  
0.251057   0.344350  
0.819253   0.530534  
0.297166   0.677016  
0.382923   0.884534  
0.211801   0.751408  
0.091511   0.175091  
0.302897   0.652606  
0.097096   0.354665  
0.398164   0.706022  
0.074810   0.293619  
0.051588   0.278170  
0.283014   0.220800  
0.826150   0.540245  
0.352991   0.778085  
0.263194   0.893517  
0.128042   0.278694  
0.160028   0.272250  
0.083178   0.780173  
0.331610   0.725744  
0.141930   0.844104  
0.606731   0.130420  
0.223156   0.721113  
0.162363   0.724356  
0.268874   0.722672  
0.174531   0.357047  
0.198494   0.724206  
0.617695   0.108675  
0.220434   0.661781  
0.084429   0.135567  
0.109506   0.840320  
0.113344   0.832655  
0.234929   0.648201  
0.193019   0.692302  
0.301296   0.192333  
0.389729   0.730586  
0.059961   0.222242  
0.114509   0.752214  
0.162884   0.659640  
0.193339   0.128681  
0.382282   0.884049  
0.082005   0.773195  
0.311819   0.906215  
0.369787   0.782105  
0.274321   0.119814  
0.118076   0.830731  
0.233948   0.779720  
0.246271   0.772700  
0.176924   0.845594  
0.639280   0.103516  
0.806663   0.622671  
0.334960   0.149431  
0.838960   0.566508  
0.351074   0.754901  
0.287961   0.973081  
0.100515   0.807525  
0.823162   0.353834  
0.280591   0.339478  
0.301706   0.948551  
0.182634   0.823788  
0.304012   0.938566  
0.211910   0.165335  
0.107775   0.237280  
0.075873   0.232576  
0.392763   0.845848  
0.347512   0.733865  
0.386949   0.797496  
0.154930   0.890804  
0.088918   0.797828  
0.200653   0.898009  
0.694697   0.136017  
0.257833   0.871007  
0.111655   0.258960  
0.814574   0.661752  
0.262572   0.966885  
0.227725   0.398158  
0.279465   0.186921  
0.250776   0.624252  
0.205841   0.750515  
0.199068   0.873829  
0.122466   0.894871  
0.250460   0.930459  
0.213622   0.914092  
0.263844   0.113008  
0.233221   0.287022  
0.296804   0.190008  
0.807498   0.732066  
0.284520   0.327999  
0.836837   0.796294  
0.384868   0.912916  
0.258936   0.622542  
0.239651   0.366830  
0.054730   0.142160  
0.165060   0.740352  
0.816125   0.410046  
0.410267   0.880257  
0.181535   0.635147  
0.284107   0.185710  
0.226609   0.969769  
0.258367   0.824408  
0.824381   0.700770  
0.292840   0.173034  
0.233667   0.904616  
0.149752   0.214708  
0.175284   0.682899  
0.828106   0.410879  
0.244425   0.728672  
0.157754   0.742307  
0.259123   0.692788  
0.058716   0.177316  
0.316320   0.768214  
0.201872   0.288106  
0.280478   0.764849  
0.423998   0.773855  
0.816412   0.671768  
0.296970   0.117357  
0.326892   0.103055  
0.380656   0.683375  
0.217796   0.744722  
0.193470   0.235064  
0.128876   0.242003  
0.215827   0.638905  
0.328006   0.903254  
0.303128   0.106083  
0.213701   0.967825  
0.182046   0.786446  
0.084629   0.266859  
0.346878   0.852689  
0.293193   0.656533  
0.357526   0.892055  
0.330267   0.143495  
0.253993   0.872065  
0.645284   0.132288  
0.239504   0.930344  
0.341184   0.845204  
0.210616   0.139058  
0.226252   0.132939  
0.061104   0.351885  
0.214821   0.767117  
0.843934   0.571687  
0.803453   0.313956  
0.243784   0.688335  
0.149805   0.912603  
0.412709   0.850130  
0.302571   0.369806  
0.250281   0.268728  
0.113631   0.121308  
0.298619   0.956053  
0.611723   0.191985  
0.236215   0.740187  
0.840086   0.396265  
0.197679   0.107526  
0.145933   0.730228  
0.350370   0.926967  
0.107115   0.175850  
0.175614   0.685224  
0.203164   0.654022  
0.812270   0.883314  
0.843101   0.563523  
0.150092   0.252613  
0.390719   0.830129  
0.065538   0.105896  
0.256445   0.977434  
0.118752   0.124237  
0.846887   0.632488  
0.174194   0.187695  
0.231539   0.686160  
0.200016   0.381859  
0.239977   0.676307  
0.219939   0.208470  
0.095548   0.143973  
0.346713   0.214362  
0.179687   0.322614  
0.103467   0.265476  
0.107751   0.802635  
0.296846   0.826123  
0.214065   0.191793  
0.848241   0.606433  
0.294097   0.885514  
0.327368   0.143916  
0.343731   0.724687  
0.402130   0.892900  
0.800185   0.691550  
0.334332   0.261348  
0.108281   0.233327  
0.845511   0.568380  
0.224060   0.745617  
0.348109   0.168533  
0.268928   0.644119  
0.244658   0.731576  
0.149956   0.900545  
0.159024   0.784587  
0.276729   0.372257  
0.844881   0.639089  
0.386701   0.766125  
0.398286   0.812841  
0.257637   0.359412  
0.343973   0.789329  
0.159904   0.158534  
0.078771   0.340018  
0.077005   0.102261  
0.278330   0.710194  
0.120880   0.382367  
0.255541   0.667688  
0.806229   0.412531  
0.159479   0.158992  
0.173004   0.761097  
0.255740   0.201737  
0.830706   0.550363  
0.121135   0.680038  
0.333854   0.787421  
0.250805   0.910860  
0.150835   0.299043  
0.304805   0.878202  
0.341740   0.206307  
0.309994   0.777621  
0.167617   0.194218  
0.234238   0.847845  
0.342210   0.356782  
0.109515   0.791875  
0.101780   0.340661  
0.183986   0.641668  
0.843766   0.663278  
0.160226   0.248487  
0.317703   0.133478  
0.231678   0.819765  
0.210095   0.898692  
0.250924   0.204619  
0.407461   0.804931  
0.094113   0.248933  
0.186895   0.230191  
0.106843   0.117877  
0.295085   0.868506  
0.063322   0.339594  
0.101004   0.840956  
0.056573   0.323885  
0.094075   0.359736  
0.335041   0.737958  
0.373825   0.758222  
0.252498   0.335972  
0.844503   0.354754  
0.609931   0.173972  
0.231648   0.373330  
0.809220   0.308677  
0.286175   0.366995  
0.846727   0.309449  
0.253159   0.785493  
0.688604   0.115454  
0.203001   0.887997  
0.180470   0.306117  
0.341659   0.262954  
0.317951   0.729198  
0.304719   0.372507  
0.254609   0.966509  
0.240446   0.962863  
0.150888   0.252321  
0.094761   0.165090  
0.386143   0.814892  
0.370883   0.877637  
0.091906   0.825496  
0.270104   0.655665  
0.423416   0.816949  
0.147718   0.213396  
0.074364   0.269511  
0.269959   0.835934  
0.302978   0.695328  
0.839010   0.820886  
0.143595   0.127528  
0.239143   0.131119  
0.299583   0.704508  
0.263632   0.133694  
0.111385   0.258236  
0.339107   0.690543  
0.152947   0.172308  
0.054277   0.327863  
0.368356   0.703134  
0.099199   0.865394  
0.829042   0.753856  
0.319166   0.819384  
0.155268   0.873365  
0.119801   0.368884  
0.321284   0.107303  
0.123409   0.766861  
0.339082   0.944274  
0.062796   0.205398  
0.809686   0.713109  
0.185849   0.643940  
0.332708   0.905874  
0.375501   0.917375  
0.251867   0.696496  
0.169769   0.136039  
0.333646   0.181883  
0.237315   0.940021  
0.303618   0.879730  
0.121447   0.727498  
0.080611   0.750109  
0.139029   0.209891  
0.079393   0.793369  
0.154683   0.902622  
0.254260   0.236109  
0.697806   0.150465  
0.110381   0.829874  
0.100204   0.239444  
0.412654   0.796497  
0.358124   0.860356  
0.316822   0.644492  
0.637112   0.191011  
0.832985   0.834452  
0.081101   0.196492  
0.074788   0.308962  
0.157245   0.276874  
0.092424   0.372817  
0.285377   0.851278  
0.626822   0.124408  
0.830116   0.652937  
0.316749   0.316238  
0.807088   0.835390  
0.273077   0.398130  
0.128056   0.185520  
0.117377   0.737045  
0.101277   0.755441  
0.178627   0.732688  
0.195119   0.755792  
0.215200   0.941738  
0.840581   0.809141  
0.387297   0.748779  
