0.24662805183154057 0.8290650171350431
0.2394641148502241 0.8540982019454612
0.22910975256624738 0.8833567327563725
0.23637104129159614 0.9185526366437183
0.24299326666608648 0.9490327615548309
0.26881873951689916 0.8083144945452899
0.27027023968172365 0.8413962566104509
0.2629419120731255 0.8759927814423168
0.2800163744304767 0.907844407800474
0.2852218262317423 0.9392178183752824
0.31164488416839453 0.7782179229378665
0.3145480536446916 0.815168513958851
0.30981613158997967 0.8550185352699581
0.3148966839673104 0.8890890692692883
0.32657991659128294 0.9160217336719951
0.3460505892608557 0.7468539146053038
0.35236167189397266 0.7811607948355221
0.3604134092494164 0.8180269155391714
0.3504418801211882 0.8658381147023214
0.35617791231280244 0.8972383916548677
0.3699396432122563 0.7279836054239273
0.38233666252838844 0.7637215316722601
0.39196886042896245 0.8025308102176854
0.38280596889396473 0.8378625002763204
0.37677163581375595 0.8745427268559294
0.8243884934017182 0.8150045783866604
0.8265574623436928 0.7661407178629299
0.8283959240153722 0.6858724788424967
0.821205299954479 0.6250286152542245
0.8021964122242496 0.560817602103497
0.8203162925189578 0.7421251170732258
0.8256042731736567 0.6660662949553676
0.829077817798216 0.62145295381932
0.8185847976686242 0.5824339291891928
0.7751284303602263 0.4722154322399587
0.8248623970005835 0.5929315639886562
0.8284238036583852 0.5588640003711637
0.8225953543331683 0.5423314366422209
0.7790228877570652 0.4468049488997299
0.6771517326836808 0.24267055103821053
0.8271601634680931 0.4669601581094931
0.8256508709223058 0.4364091582493165
0.7918189701865997 0.40474801301691415
0.6857953622479686 0.22526474130852875
0.6387042782351314 0.16354204873162587
0.8271686971962033 0.40462475447135604
0.8202091771293591 0.3565242488822863
0.7573813388259277 0.27236455988441055
0.6749388104831529 0.1581963764669479
0.6457581415389009 0.1383773778055828
0.12384077650349064 0.7303001918089878
0.11239263876762828 0.7608903352533326
0.11021798081041619 0.7969911880968313
0.12511095233208516 0.8452774461564968
0.1481505086191642 0.8825003677106822
0.1554007445747162 0.6968212436931117
0.144208315738449 0.7364745857827
0.14727541141652523 0.7715287712026412
0.14615273095616316 0.8214112926825605
0.16129615944046283 0.8614068753747316
0.18513612466512935 0.669444932314665
0.193831879084681 0.6998804003000176
0.19262638761071224 0.7385288265771215
0.18279843119048003 0.7808247038015635
0.18041810854001583 0.8215459839955013
0.2209721382911937 0.6614797481684089
0.24696534303590909 0.6819908557271249
0.2378679130141428 0.7145455011028877
0.22175324530239865 0.7459147918185665
0.21203098580192214 0.7795769867080556
0.2596391974017386 0.6570336449547712
0.2838015377776402 0.6721266505111018
0.2808224136033204 0.6994583847234617
0.2609643826445961 0.7275841372386336
0.24274976327839598 0.7554112152923196
0.09358882739236957 0.33799770970834436
0.09662947469642243 0.2945865057695007
0.098976934443317 0.2416939032104543
0.09915494755439926 0.18437912745060225
0.1022202724278415 0.13760331581039842
0.14143489598338732 0.34488880182903103
0.14973606213488855 0.29551466449824565
0.14376026250680796 0.2405601642491619
0.15108642648726545 0.18799490788086717
0.14936852725424116 0.14268024220007108
0.19642974697079116 0.35221424998674905
0.19351110486792916 0.3084943660700726
0.19406886049889524 0.24363383822183085
0.20385628465105293 0.18175712206195013
0.2015885682600349 0.13838433513179002
0.24792424315321043 0.35348748345242
0.2464656695885988 0.29988498045236134
0.2559044089942557 0.23630691355879638
0.262542991147167 0.1849072163393595
0.25640302928760944 0.13875749297767953
0.2947048559821658 0.34719301655915386
0.2992332649896048 0.30098913525088705
0.30718674853877564 0.2376420463089887
0.30985411549860004 0.1846664688875476
0.3056085714813616 0.14432262836336457
